[gd_scene load_steps=4 format=2]

[ext_resource path="res://scenes/Player Hand.tscn" type="PackedScene" id=1]
[ext_resource path="res://scripts/GameController.gd" type="Script" id=2]
[ext_resource path="res://scenes/Card.tscn" type="PackedScene" id=3]

[node name="GameRoom" type="Spatial"]
script = ExtResource( 2 )

[node name="Camera" type="Camera" parent="."]
transform = Transform( 1, 0, 0, 0, 0.707107, 0.707107, 0, -0.707107, 0.707107, 0, 14.9158, 10.5736 )
fov = 20.0

[node name="MainHandPosition" type="Position3D" parent="."]
transform = Transform( 1, 0, 0, 0, 1, 0, 0, 0, 1, 0, 0, -1 )

[node name="Hands" type="Spatial" parent="."]

[node name="Player Hand" parent="Hands" instance=ExtResource( 1 )]
transform = Transform( -1, -6.18173e-08, -6.18172e-08, 0, 0.707107, -0.707107, 8.74228e-08, -0.707107, -0.707107, 0, 0, -1 )
player_id = 1
controller_path = NodePath("../..")

[node name="Card" parent="Hands/Player Hand" instance=ExtResource( 3 )]
color = 2
value = "2"

[node name="Player Hand2" parent="Hands" instance=ExtResource( 1 )]
transform = Transform( 1, 0, 0, 0, 1, 0, 0, 0, 1, -0.0379257, 0.0543957, -9.0279 )
player_id = 2
controller_path = NodePath("../..")

[node name="Card" parent="Hands/Player Hand2" instance=ExtResource( 3 )]

[node name="Deck" type="Spatial" parent="."]
transform = Transform( -0.707107, 0.707107, 2.02625e-07, -6.18172e-08, 2.24738e-07, -1, -0.707107, -0.707107, -1.15202e-07, -3.01215, -1.74846e-07, -7.62231 )

[node name="Card" parent="Deck" instance=ExtResource( 3 )]
transform = Transform( -1, 0, -1.50996e-07, 0, 1, 0, 1.50996e-07, 7.10543e-15, -1, 0, 0, 0 )
color = 3
value = "7"

[node name="Discard" type="Spatial" parent="."]
transform = Transform( 1, 0, 0, 0, -1.62921e-07, -1, 0, 1, -1.62921e-07, 0, 0, -4.5 )

[node name="Card" parent="Discard" instance=ExtResource( 3 )]
color = 1
value = "4"
